0 0.878766 0.576958 0.098281 0.136750
0 0.387844 0.376104 0.107906 0.145292
0 0.334961 0.698042 0.123922 0.162375
0 0.472242 0.532094 0.116453 0.155271
0 0.512281 0.717990 0.113312 0.153854
0 0.681656 0.675250 0.103625 0.142458
0 0.699281 0.834083 0.100438 0.129625
0 0.691805 0.112573 0.128203 0.168104
0 0.524602 0.299896 0.116453 0.149583
0 0.699281 0.293490 0.102562 0.139604
0 0.686461 0.468698 0.100422 0.133896
0 0.927375 0.097615 0.097219 0.132479
0 0.920438 0.372542 0.108969 0.146708
0 0.865414 0.770698 0.099359 0.133896
