0 0.781475 0.879115 0.204160 0.239410
0 0.781914 0.528524 0.175508 0.285729
0 0.655498 0.634306 0.167676 0.281111
0 0.641602 0.113038 0.294531 0.214688
0 0.612500 0.465955 0.168555 0.259479
0 0.443076 0.479861 0.168535 0.274931
0 0.142461 0.122292 0.151172 0.223958
0 0.286689 0.064375 0.147715 0.126667
0 0.257148 0.340087 0.173750 0.276493
0 0.339248 0.107622 0.145098 0.210035
0 0.453066 0.232743 0.138125 0.222431
0 0.516484 0.158594 0.143359 0.216215
0 0.837510 0.834340 0.206777 0.319722
0 0.598164 0.870625 0.172891 0.256389
