0 0.765410 0.317674 0.137266 0.210069
0 0.684609 0.469045 0.158125 0.253299
0 0.715879 0.598802 0.185937 0.284201
0 0.711104 0.915417 0.155527 0.166806
0 0.461318 0.606510 0.133809 0.222396
0 0.464365 0.377934 0.080801 0.253299
0 0.392686 0.651302 0.132051 0.244062
0 0.379189 0.452066 0.118965 0.225521
0 0.277998 0.549375 0.132051 0.179167
0 0.290166 0.448976 0.133809 0.228576
0 0.400938 0.271337 0.141602 0.188438
0 0.377920 0.131562 0.139004 0.165278
0 0.398350 0.029618 0.129473 0.057153
0 0.557324 0.313056 0.139883 0.228611
0 0.557754 0.584115 0.130312 0.251771
